%点位距离数据函数
function DateB()
    global A1
    global A3
    global A4
    global S

    A1 = [inf,266,277,257,270,208,202;
          266,inf,159,32,145,202,361;
          277,159,inf,147,44,234,488;
          257,32,147,inf,150,212,353;
          270,145,44,150,inf,218,478;
          208,202,234,212,218,inf,302;
          202,361,488,353,478,302,inf];
    
    A3 = [inf,152,133,151,142;
          152,inf,60,454,466;
          133,60,inf,524,402;
          151,454,524,inf,122;
          142,466,402,122,inf];
    
    A4 = [inf,67,306,360,430;
          67,inf,373,428,497;
          306,373,inf,55,587;
          360,428,55,inf,790;
          430,497,587,790,inf];
    
    S = [inf,681,0,431;
         681,inf,681,431;
         0,681,inf,601;
         431,431,601,inf];
end